1000
594806 771268 77
157074 968746 77
491297 983320 77
752688 576627 77
674248 643898 77
661954 876676 77
269014 752853 77
230541 207473 77
300895 894727 77
696185 126909 77
297180 948046 77
833555 406568 77
719469 997713 77
129780 458063 77
970119 793663 77
415604 45503 77
355767 442520 77
716821 332598 77
318984 913767 77
735722 682568 77
756430 94452 77
972608 372074 77
814862 603630 77
117925 412840 77
671302 341352 77
645447 990529 77
660060 806682 77
409251 376429 77
410396 426599 77
434206 617969 77
49482 268263 77
180460 266165 77
916532 406590 77
170573 663653 77
238013 686993 77
299219 804143 77
379017 304183 77
915565 708322 77
591355 847714 77
190653 707793 77
784214 387856 77
512493 557576 77
195763 415205 77
49342 626561 77
324632 948652 77
691931 223446 77
21795 527217 77
137499 429210 77
42139 63409 77
224164 307297 77
528064 18588 77
118505 998288 77
684752 351933 77
243542 583107 77
563543 897802 77
478390 821374 77
895440 115739 77
470260 91490 77
113355 193965 77
797983 504721 77
155697 753996 77
147771 927895 77
810853 72523 77
504316 787048 77
683901 738108 77
743089 337984 77
292767 484271 77
271361 672052 77
937802 921295 77
90731 256621 77
726392 594906 77
935890 44917 77
884688 504434 77
15653 568945 77
390162 365269 77
724252 12559 77
587619 781747 77
776549 417204 77
2930 429876 77
530646 848568 77
548676 792741 77
386488 213364 77
429617 343671 77
422233 312419 77
52086 362207 77
701352 369260 77
612530 356320 77
567295 958101 77
235301 964284 77
346129 75074 77
324895 26681 77
702673 679355 77
976160 598221 77
457766 72391 77
706397 450643 77
139114 652312 77
720035 799113 77
127587 569701 77
61686 123085 77
177283 686847 77
145768 969902 77
485898 791544 77
32389 634454 77
521061 496011 77
776614 77865 77
619687 614679 77
397105 752431 77
329341 699427 77
913061 940552 77
697538 12282 77
75229 156355 77
471161 644017 77
440942 954403 77
474936 148342 77
639559 299326 77
295215 485097 77
664096 371849 77
165245 594115 77
801690 634437 77
482174 192598 77
226460 500343 77
629236 152785 77
110448 222638 77
354591 574297 77
466328 543915 77
386167 784720 77
706178 855095 77
223040 89592 77
434744 821678 77
134238 997470 77
457121 949073 77
778363 870495 77
646006 766345 77
826782 16860 77
635381 642070 77
999708 206458 77
410818 266503 77
503345 559986 77
795514 552646 77
249200 718856 77
379090 353393 77
481347 523054 77
413982 539649 77
80962 276576 77
353120 858464 77
323359 759308 77
790654 727563 77
465227 115918 77
535147 601936 77
754988 127097 77
631715 703870 77
935102 624267 77
598498 476913 77
395228 907713 77
896184 796861 77
46028 17760 77
687177 844006 77
409823 8928 77
173434 691995 77
25996 848536 77
881853 610303 77
338628 96984 77
467545 412329 77
154068 228866 77
698396 478994 77
320432 954271 77
969671 728556 77
21156 521741 77
365893 175727 77
283966 966637 77
885623 353895 77
502233 515697 77
190490 87016 77
840041 315354 77
680497 751036 77
462400 69400 77
335978 875373 77
676215 890674 77
469866 154549 77
594412 279268 77
171006 318413 77
927501 252698 77
256066 533803 77
966079 288762 77
393822 362352 77
20056 350023 77
562906 876288 77
589685 179746 77
123786 129794 77
239631 843182 77
565274 369952 77
926922 181152 77
679462 744335 77
60822 126240 77
3180 657986 77
224574 158248 77
680188 659483 77
453760 843972 77
8747 25281 77
164584 883918 77
94230 690804 77
157359 117544 77
751281 34338 77
384955 347428 77
976954 328614 77
936406 757233 77
327125 278902 77
958355 672235 77
42721 918135 77
984572 854423 77
338182 965236 77
204206 316564 77
727248 7450 77
465620 200105 77
198827 769155 77
720887 333418 77
173295 947342 77
676211 362356 77
3077 15932 77
669454 360443 77
69406 978686 77
180210 46843 77
503197 324243 77
329959 116812 77
120507 745172 77
67425 929357 77
293098 856966 77
837818 314264 77
657369 767006 77
824675 318777 77
732234 689237 77
886518 204300 77
273204 516894 77
341576 666307 77
869038 730269 77
742387 285766 77
445130 23151 77
201679 106272 77
667154 139605 77
809166 386178 77
16293 531382 77
462860 565524 77
425144 490765 77
922646 419131 77
693256 726437 77
779637 7513 77
24509 736340 77
870123 943986 77
47025 788468 77
367712 608392 77
751558 129578 77
364893 837172 77
494862 39430 77
420817 989918 77
525427 677644 77
516371 985320 77
705053 152232 77
265057 656103 77
645681 882023 77
728423 111531 77
826299 386442 77
520543 997390 77
34642 451411 77
390633 6833 77
815753 217917 77
678737 911318 77
883050 717548 77
408628 814112 77
520302 206433 77
771029 143182 77
64082 998734 77
885135 588241 77
786820 300779 77
831214 813161 77
271025 285860 77
857503 926467 77
923930 691646 77
772309 890236 77
767629 38853 77
448088 990375 77
891229 427267 77
828733 788303 77
125257 275948 77
339248 795724 77
715922 345833 77
131906 588928 77
284041 43173 77
964216 342946 77
188968 865143 77
327911 54443 77
780061 95765 77
163365 18469 77
544412 625811 77
897095 683989 77
922565 957510 77
180137 186025 77
397808 292640 77
395031 471644 77
643980 836184 77
25446 669521 77
515156 200171 77
954117 245533 77
612513 389520 77
283583 940524 77
187429 668633 77
417736 565935 77
28494 748649 77
543314 556341 77
17009 165963 77
404481 950947 77
559489 530557 77
695429 950001 77
840163 940345 77
838754 270451 77
998435 953340 77
409553 715971 77
186453 534185 77
312355 743277 77
381293 177614 77
907653 708560 77
102158 597216 77
526283 633625 77
360742 92790 77
845675 250349 77
928374 843844 77
386723 813461 77
533233 752765 77
677038 255920 77
240704 455498 77
716586 284129 77
336652 95663 77
859418 496437 77
925675 580126 77
614313 835839 77
984589 214630 77
900608 504926 77
603132 940347 77
825594 945526 77
602648 638759 77
634601 28168 77
923437 466623 77
507808 499944 77
53776 46443 77
273569 929875 77
63864 633298 77
999670 468965 77
477904 449691 77
517177 50226 77
788232 111089 77
705740 106636 77
386153 402868 77
249842 224099 77
358464 474470 77
894159 8123 77
80065 565852 77
674002 979159 77
145010 271647 77
170721 752820 77
714373 814722 77
672782 439608 77
716468 997659 77
358541 142436 77
68912 701349 77
589058 633079 77
452821 416662 77
101417 575587 77
239280 294925 77
334566 856715 77
49706 93869 77
906895 300956 77
884900 106950 77
967368 209989 77
685617 983467 77
256463 588891 77
118413 52350 77
49989 236271 77
331308 855588 77
936824 695368 77
942351 280388 77
988519 880979 77
743300 298551 77
582889 549578 77
188281 85483 77
995134 470610 77
723672 48801 77
714063 576388 77
375516 236059 77
31108 556058 77
63929 667312 77
672872 593882 77
598443 660145 77
214843 832442 77
209134 195910 77
510000 3404 77
434870 867846 77
547887 519889 77
798703 109152 77
970534 375175 77
947916 379856 77
928104 295742 77
153509 963715 77
935841 540294 77
328045 810935 77
24736 528138 77
86608 459454 77
357896 480661 77
849290 882501 77
17304 57293 77
656177 419520 77
367034 533128 77
90191 771892 77
592124 706583 77
638060 66698 77
277382 55388 77
754703 544481 77
929568 963513 77
110941 562992 77
155632 220408 77
851610 621484 77
424969 158061 77
188191 432687 77
105638 505743 77
144994 910217 77
380586 116425 77
909236 317921 77
528989 114749 77
733471 381145 77
187275 722977 77
720016 560179 77
5636 519142 77
783372 702248 77
765742 256870 77
670808 783581 77
282611 22358 77
113689 430714 77
848537 701502 77
45173 435535 77
60040 70264 77
681438 652639 77
935008 794624 77
418159 618299 77
855768 239560 77
901577 857147 77
937824 531571 77
765502 932544 77
988909 239950 77
728423 389586 77
867581 193816 77
1187 897261 77
881457 266296 77
364126 46471 77
164313 853636 77
719206 940137 77
472399 930680 77
777949 995183 77
199154 811785 77
359372 185509 77
851450 357927 77
556161 341319 77
34401 414597 77
704652 442328 77
98398 486712 77
86878 152703 77
16163 390293 77
674102 788381 77
449296 108249 77
977815 989247 77
460672 648147 77
673227 765853 77
760283 306539 77
327281 576992 77
503049 896678 77
58170 753205 77
545796 419277 77
431417 401463 77
936898 397695 77
180720 163723 77
977428 147596 77
62113 420454 77
425989 288112 77
234095 606926 77
971855 294286 77
683516 764514 77
399331 855121 77
820721 497874 77
860672 132809 77
488154 93647 77
533502 916441 77
706793 487397 77
840163 138930 77
924491 588714 77
987262 103215 77
242461 850934 77
450834 322529 77
280839 127433 77
856256 114258 77
234908 205302 77
428791 295523 77
505808 100136 77
583324 605018 77
484026 765622 77
70168 682872 77
474846 307553 77
420763 897856 77
494059 513727 77
286203 589647 77
893603 792441 77
57649 592191 77
21994 272475 77
238338 403831 77
913534 663855 77
348184 608068 77
441481 703712 77
590681 922933 77
978350 524851 77
136535 308629 77
986024 516737 77
615242 146755 77
691876 553708 77
972095 87538 77
491170 507479 77
837042 334769 77
162344 422287 77
941565 376799 77
942066 102823 77
936961 905007 77
61010 656428 77
523672 141476 77
593331 464415 77
282160 810405 77
433951 28366 77
894890 942082 77
38316 801049 77
498423 356972 77
982155 245137 77
991525 208567 77
763729 380096 77
327395 752515 77
222074 746453 77
896134 5687 77
411351 346364 77
42269 875840 77
701348 93208 77
118301 954283 77
790188 513767 77
777850 604963 77
929143 891581 77
618403 704902 77
917171 188167 77
630101 277484 77
196136 929614 77
380758 162967 77
710479 197989 77
142561 366467 77
565888 186534 77
998286 968054 77
411020 796801 77
274225 372050 77
667590 579925 77
412857 975073 77
374852 132183 77
230339 1330 77
660918 109717 77
464952 642478 77
612051 254219 77
437746 452037 77
195194 646562 77
427544 155132 77
866093 371967 77
338765 766087 77
764629 768863 77
760619 150290 77
697983 554689 77
247468 756667 77
973523 386752 77
126019 662267 77
421603 670461 77
532383 453160 77
510471 598195 77
733012 343515 77
402077 177436 77
795798 91593 77
572828 883435 77
704335 764472 77
626686 9684 77
84983 576545 77
866209 177978 77
946047 641923 77
75827 45280 77
274270 84523 77
161296 595838 77
840997 1663 77
128167 335704 77
939697 188274 77
378320 448497 77
625911 781758 77
124028 33507 77
996223 465188 77
967182 415504 77
194366 649604 77
269093 758830 77
537400 265056 77
812591 212500 77
170865 162333 77
792447 964666 77
854057 718000 77
7387 909210 77
806451 654864 77
109502 776486 77
194787 154712 77
19414 308703 77
22344 782043 77
113578 54873 77
76671 244519 77
914918 8450 77
460519 708207 77
150765 318562 77
711700 803523 77
270722 743046 77
734998 843846 77
389667 83798 77
426056 94309 77
692376 732726 77
591251 536538 77
261360 933076 77
369354 673809 77
513892 932282 77
45539 822079 77
740456 480963 77
94463 627263 77
32043 450667 77
955370 853433 77
627259 34899 77
751802 479218 77
26280 193280 77
187345 100076 77
721005 587337 77
803182 439285 77
628115 452900 77
146964 97395 77
609828 285681 77
762843 929291 77
914571 600483 77
535030 353081 77
816014 179532 77
331838 816870 77
438760 812263 77
213883 135440 77
321202 376693 77
920955 512120 77
105990 242574 77
434635 417679 77
549519 679165 77
519498 339193 77
257486 419199 77
827343 410071 77
90451 891899 77
700066 898603 77
602960 208241 77
890791 825286 77
50361 29382 77
677157 166365 77
669627 183269 77
157110 911698 77
397751 354598 77
984025 934653 77
990748 827192 77
654129 283160 77
118865 835020 77
644201 318792 77
121650 198456 77
648143 953563 77
335210 961799 77
457133 258848 77
929620 434328 77
676136 737169 77
489052 771549 77
321446 218070 77
127968 321201 77
779061 611033 77
997659 129684 77
26697 174597 77
833941 452930 77
224738 951075 77
219045 113654 77
538648 223093 77
586977 659651 77
866372 906349 77
761606 622024 77
831325 354006 77
865855 661128 77
275494 405056 77
641780 54547 77
428207 256346 77
407242 106767 77
822580 31754 77
750717 626335 77
469740 292489 77
22734 758321 77
689494 826174 77
993967 71041 77
636279 362241 77
918840 755099 77
768653 186857 77
757028 997977 77
132552 931591 77
362782 920426 77
829673 236326 77
695775 268144 77
768615 37549 77
412522 26290 77
461705 205014 77
981788 599360 77
759616 519286 77
538545 880025 77
268879 865652 77
501499 600549 77
254259 905607 77
180330 537865 77
962018 260553 77
84524 246261 77
682893 706054 77
232118 79605 77
932018 624523 77
685876 735196 77
713494 369090 77
657965 659849 77
530627 118749 77
672181 926222 77
115397 595198 77
999823 691819 77
914629 578719 77
576933 403367 77
11882 810073 77
209410 889625 77
86172 169617 77
413120 612423 77
770250 127964 77
431673 652473 77
501400 811488 77
540993 940719 77
54880 244547 77
927877 861325 77
119889 446592 77
662643 443040 77
32418 535198 77
757004 9975 77
566857 656012 77
976931 790143 77
752118 59491 77
653411 86746 77
444348 848469 77
7951 162922 77
805209 512397 77
241142 805690 77
883278 574377 77
639972 933358 77
700463 21848 77
367383 188436 77
834740 24356 77
747125 710831 77
699256 565857 77
533087 944974 77
942500 197494 77
155571 124622 77
168766 273932 77
420288 235837 77
777551 888755 77
624320 982456 77
53300 181727 77
502173 941074 77
767267 596393 77
754557 685057 77
10188 819536 77
295353 291339 77
696630 842157 77
369716 195163 77
908410 597004 77
878498 645480 77
159609 425968 77
833383 909153 77
677538 640884 77
180550 201875 77
238790 53194 77
278924 652362 77
220081 11992 77
501119 933937 77
912653 361335 77
771061 576345 77
268196 703376 77
742448 590951 77
495395 234644 77
197173 539011 77
301670 646467 77
671610 353297 77
501785 952090 77
7914 719793 77
845272 943084 77
994743 239382 77
733186 780576 77
493739 121845 77
366320 988221 77
715728 885719 77
35999 812495 77
64978 791977 77
924242 648106 77
56128 788745 77
771080 316756 77
382627 451554 77
779887 563209 77
195181 217720 77
163796 659019 77
503387 425527 77
706321 696672 77
248135 689921 77
978395 299118 77
93920 978686 77
824357 840298 77
133370 795609 77
674551 171637 77
585243 90880 77
972641 964237 77
934036 658371 77
627083 632405 77
541687 876434 77
57173 749335 77
430208 1498 77
32665 385656 77
760099 594291 77
456948 360383 77
29863 30106 77
209102 620555 77
384293 115614 77
868386 274567 77
369803 530751 77
754897 645311 77
954588 743975 77
280051 371837 77
339869 935923 77
170633 502186 77
968672 156467 77
323371 999952 77
907170 635558 77
2455 494783 77
795908 129804 77
153985 910756 77
754064 514644 77
616380 368953 77
66185 685649 77
987140 557119 77
785191 690923 77
385218 135759 77
574538 253377 77
619308 318845 77
68381 206231 77
59578 33791 77
127284 784837 77
292856 297938 77
276777 50718 77
996349 488445 77
67280 859487 77
939055 498524 77
944383 460922 77
650809 896366 77
348443 865226 77
999496 993421 77
330205 313102 77
835576 900272 77
766766 285116 77
492323 974067 77
408587 7669 77
398040 935289 77
368906 709555 77
930720 384549 77
635338 121408 77
597613 615904 77
733493 23120 77
456189 741671 77
870324 836285 77
264817 836685 77
820603 180656 77
491678 817123 77
815998 109704 77
324381 227746 77
398864 153765 77
837388 507388 77
717041 572000 77
784672 49848 77
893327 712181 77
412945 674654 77
772329 292153 77
704148 736443 77
240485 606234 77
81419 796193 77
695321 137325 77
427351 517999 77
657219 456785 77
622749 91330 77
554765 678138 77
789325 545871 77
475360 675150 77
943489 861439 77
474617 695824 77
721688 212584 77
797785 976903 77
317544 78853 77
636446 487450 77
112099 893048 77
723594 334255 77
59111 348485 77
247319 138999 77
703482 437401 77
232051 402884 77
225624 620067 77
761385 393962 77
988903 928381 77
877740 137521 77
192847 167998 77
415345 502100 77
431327 706730 77
944634 637084 77
733665 86264 77
914468 118674 77
342071 460998 77
462268 450210 77
724401 790450 77
518930 177900 77
247073 247959 77
443167 949770 77
637879 637082 77
63740 938711 77
197414 9719 77
141102 821692 77
400206 845097 77
161509 319800 77
635603 322019 77
253047 979533 77
927441 435150 77
731545 204721 77
327560 176598 77
253909 32902 77
574879 422261 77
326407 819509 77
441771 265226 77
756464 740357 77
464074 698507 77
188253 864675 77
933549 516237 77
220992 864544 77
509839 57056 77
818923 476574 77
569613 336792 77
499267 177424 77
401815 224880 77
966240 529767 77
708087 57933 77
818650 287486 77
111190 431037 77
224684 252896 77
308771 221257 77
662604 876656 77
724051 103658 77
712792 718094 77
983984 990445 77
379276 934196 77
986754 211318 77
901410 961769 77
245954 764170 77
364588 188081 77
629664 960625 77
450159 900372 77
577438 335934 77
554564 989350 77
151425 585539 77
657265 787821 77
622118 299636 77
761476 914233 77
722067 598956 77
680870 643279 77
330042 532678 77
521692 992174 77
898113 960030 77
679835 353642 77
794810 967362 77
460241 63060 77
857526 542858 77
905052 791060 77
711322 994253 77
632911 259725 77
117262 863254 77
251436 716043 77
58633 482231 77
513334 46674 77
875570 131364 77
979494 573311 77
66985 178884 77
169742 317311 77
600031 763452 77
58577 823478 77
357588 888766 77
