64
100 100 1050
50 1000 10000
50 1000 5400
333 333 15050
1 1 101
100000 100000 1
100001 100007 3
100002 100001 2
100006 100001 12
100202 100001 25050
894922 348880 400830
305189 520044 401096
841432 631144 280043
995445 306576 850970
766812 375728 752618
448666 776422 5843
599451 622968 279269
54681 58653 96883
862916 374924 151596
902548 321776 512398
435801 561346 20208
851487 524053 91610
463871 343126 819036
951634 509488 403637
858318 827724 91847
606825 225195 542036
788774 969736 955787
562365 782758 135259
802597 543403 49190
418663 765794 831864
620059 948726 179050
910740 655968 777916
347630 481085 601597
271568 830275 58981
773882 343746 36283
295858 485260 176490
433071 397371 605121
611722 364939 264567
282454 510183 422501
167057 174988 24782
41538 156139 985582
114816 333722 520319
15697 71858 620437
246564 956540 998930
633500 923950 292007
423288 694220 926057
993468 705265 903286
48346 354658 181031
41041 13419 793416
278565 604056 981848
67175 701346 530207
927586 724635 780317
939658 993416 470299
843827 161348 421138
197575 781323 969817
50031 275206 733920
317207 330671 824077
240384 59687 390057
848233 916909 820646
208279 78106 384173
983322 326739 937412
647355 958019 405289
799163 557052 520849
553741 786230 412675
