39 11
749 768 747 764 745 749 767 748 775 757 761
737 743 768 744 774 762 749 746 730 758 774
738 742 751 765 751 753 757 749 757 756 740
759 737 755 744 744 749 749 782 754 770 742
748 748 728 761 774 750 748 741 766 762 761
760 759 745 745 762 759 743 754 762 759 744
757 737 748 748 764 772 751 756 750 754 757
750 758 772 752 754 743 750 760 759 750 760
758 762 750 780 760 745 753 760 748 754 761
741 751 748 747 753 752 752 747 758 741 744
759 764 766 756 756 764 742 763 757 775 763
761 765 766 739 742 760 766 757 766 760 752
760 756 747 757 776 757 754 747 752 750 758
757 756 776 756 765 754 753 764 759 740 752
759 747 767 755 745 775 757 767 747 750 772
746 764 755 763 757 758 770 762 761 764 745
743 749 748 756 747 770 737 759 743 765 755
746 755 749 749 754 731 769 770 766 759 765
757 750 767 746 760 743 753 760 744 759 776
727 762 753 756 768 737 745 752 744 749 753
747 765 754 750 763 770 759 766 761 739 744
756 747 748 762 746 751 759 760 756 754 759
745 731 769 746 757 734 743 752 761 738 760
756 758 730 766 751 743 764 746 757 752 768
761 779 744 750 765 744 767 738 751 761 769
760 775 755 754 750 762 762 749 763 764 756
749 788 735 735 751 754 752 743 752 750 753
742 742 764 766 755 742 761 767 755 768 743
751 769 765 761 751 752 753 755 750 766 744
759 757 760 754 764 755 744 747 760 764 748
758 747 763 743 769 742 759 776 759 745 758
760 764 763 775 735 764 764 750 768 762 744
749 752 753 741 754 768 769 757 756 739 747
763 742 743 759 765 735 756 737 741 738 748
754 755 754 740 758 757 752 749 752 754 762
760 774 748 760 744 754 761 740 768 745 741
765 761 771 755 773 762 757 742 756 758 754
754 751 759 756 751 760 752 750 740 741 754
779 748 768 750 756 753 763 762 762 748 769
