24 22
660 573 587 561 584 636 563 620 577 619 595 602 650 604 627 567 617 596 642 626 601 582
622 583 590 651 592 662 574 601 589 618 558 619 622 637 639 629 641 601 632 568 587 666
557 658 565 558 586 591 568 571 558 634 597 643 558 632 637 627 618 559 578 619 562 643
589 586 656 614 571 562 567 601 560 567 643 621 568 561 596 580 627 597 598 667 572 599
573 594 559 634 648 580 637 594 607 610 623 648 557 637 594 567 623 597 629 598 602 640
603 583 604 614 623 645 614 580 577 571 558 579 589 649 654 558 575 645 664 583 625 664
604 662 615 559 644 576 601 630 600 588 656 589 645 664 566 643 628 638 657 629 601 578
610 639 632 569 617 628 595 574 565 643 621 564 586 597 583 630 559 567 602 600 599 580
596 661 607 667 572 597 628 617 559 622 588 634 575 589 594 614 607 654 641 560 661 611
652 628 574 595 639 619 638 622 583 618 667 634 617 572 615 629 573 617 583 656 584 602
578 562 600 569 601 625 624 594 568 608 666 637 587 578 641 558 584 608 619 584 574 621
651 632 582 608 634 661 596 602 647 558 607 579 570 592 588 637 630 651 629 569 621 660
642 646 602 558 586 605 637 656 610 561 561 636 612 638 570 593 624 660 594 564 571 608
651 654 629 613 637 643 566 642 576 651 561 562 594 591 610 615 631 605 561 635 573 616
658 586 652 614 630 631 562 644 623 657 571 584 654 651 611 664 567 630 647 571 635 625
605 630 625 620 567 629 588 583 577 630 664 614 576 567 577 582 654 643 623 609 611 609
592 666 605 602 628 637 558 648 646 658 610 603 611 620 564 642 587 637 604 635 583 564
645 655 641 572 571 596 624 625 590 600 564 638 587 577 659 588 557 638 578 610 625 632
562 633 658 592 602 646 559 628 654 588 667 568 603 570 608 559 579 641 602 587 663 632
607 596 604 659 618 626 601 575 642 658 651 633 634 585 611 577 597 649 608 648 661 654
661 653 597 573 567 642 655 562 659 646 653 595 637 603 605 622 622 580 612 605 656 578
575 651 598 667 574 649 648 619 576 582 604 616 650 666 642 637 560 633 667 598 613 636
644 661 642 598 573 586 588 613 659 658 649 641 657 607 563 578 558 582 604 657 641 586
655 616 608 599 633 607 640 630 628 617 624 654 599 581 573 630 579 616 620 560 590 662
