21 34
138 141 139 145 149 145 123 150 146 151 140 146 145 143 145 143 145 133 138 146 146 133 136 138 144 148 136 135 142 136 152 139 134 139
130 141 150 144 140 147 134 136 142 137 143 144 136 149 130 158 130 148 143 133 140 139 145 140 141 137 134 141 148 136 162 143 144 143
135 153 138 151 138 152 127 150 148 135 140 133 142 146 139 148 138 141 147 140 146 144 148 144 140 137 136 143 130 149 151 152 142 142
139 141 138 139 143 136 153 143 161 143 137 141 151 149 152 143 130 140 149 143 143 144 148 138 140 127 149 157 149 152 152 143 138 151
143 144 150 140 148 151 143 148 137 150 139 149 141 145 145 133 145 144 152 145 144 150 137 153 136 146 147 135 143 148 142 146 139 143
154 136 149 145 135 144 154 137 147 137 138 146 136 150 145 145 146 153 157 143 146 135 150 137 147 142 154 155 143 146 139 138 144 141
140 137 141 143 141 143 138 137 138 142 148 147 141 133 152 161 136 140 151 138 141 159 146 149 138 146 147 141 146 153 138 139 149 147
147 132 135 151 152 151 148 133 142 137 138 145 143 144 148 138 136 143 141 142 134 151 145 141 135 133 145 148 147 143 146 141 154 142
142 141 146 147 138 131 144 152 150 149 144 141 144 148 135 143 138 152 143 138 140 151 137 148 137 142 138 141 144 142 154 140 152 145
156 144 144 133 139 144 137 141 145 135 144 142 145 150 141 156 140 147 144 138 145 152 151 132 149 152 151 145 151 144 147 141 151 145
133 137 155 129 143 149 152 140 143 151 158 143 147 139 139 141 141 145 148 138 139 140 142 144 141 142 144 146 146 140 135 157 151 136
145 147 148 142 143 142 147 143 152 146 137 138 138 143 149 135 136 136 148 143 148 144 144 142 133 145 150 140 139 153 142 140 134 133
150 141 147 158 135 139 142 144 141 146 136 148 136 145 140 147 146 143 140 143 144 147 145 144 142 137 132 142 149 150 141 149 147 151
151 145 146 146 145 145 146 148 136 139 150 143 151 138 141 137 145 139 138 142 146 155 139 146 145 141 149 152 142 151 144 147 139 132
139 144 143 135 138 154 135 145 126 137 144 143 149 142 139 137 151 151 145 140 137 149 144 143 141 135 149 144 146 146 136 149 131 138
155 138 136 141 138 146 141 142 155 138 138 149 139 140 138 144 143 154 142 141 141 143 138 138 147 144 136 142 140 136 144 141 140 130
145 139 143 152 145 142 140 146 141 145 134 145 142 132 141 145 146 140 143 141 158 142 146 144 147 151 135 141 139 136 138 152 147 159
146 144 144 145 140 138 148 126 146 144 134 146 139 151 143 145 141 141 158 133 147 150 135 143 140 137 148 140 137 136 136 147 136 139
140 147 145 149 150 145 147 144 156 142 154 141 142 139 139 158 138 143 139 143 141 147 153 149 141 154 140 147 147 148 142 135 152 141
137 134 141 156 140 150 133 141 134 132 143 147 147 153 135 153 139 147 146 148 139 146 149 145 143 137 149 149 142 145 144 133 148 145
138 142 128 146 138 144 144 149 134 143 142 147 152 140 136 138 131 147 148 154 140 141 138 132 146 145 143 142 150 142 136 144 143 141
