47 41
3 361 107 209 483 121 227 649 763 481 547 489 843 441 67 729 723 1 787 369 403 161 707 409 883 921 827 849 163 281 147 689 243 241 667 929 123 801 387 569 803
9 83 321 627 449 363 681 947 289 443 641 467 529 323 201 187 169 3 361 107 209 483 121 227 649 763 481 547 489 843 441 67 729 723 1 787 369 403 161 707 409
27 249 963 881 347 89 43 841 867 329 923 401 587 969 603 561 507 9 83 321 627 449 363 681 947 289 443 641 467 529 323 201 187 169 3 361 107 209 483 121 227
81 747 889 643 41 267 129 523 601 987 769 203 761 907 809 683 521 27 249 963 881 347 89 43 841 867 329 923 401 587 969 603 561 507 9 83 321 627 449 363 681
243 241 667 929 123 801 387 569 803 961 307 609 283 721 427 49 563 81 747 889 643 41 267 129 523 601 987 769 203 761 907 809 683 521 27 249 963 881 347 89 43
729 723 1 787 369 403 161 707 409 883 921 827 849 163 281 147 689 243 241 667 929 123 801 387 569 803 961 307 609 283 721 427 49 563 81 747 889 643 41 267 129
187 169 3 361 107 209 483 121 227 649 763 481 547 489 843 441 67 729 723 1 787 369 403 161 707 409 883 921 827 849 163 281 147 689 243 241 667 929 123 801 387
561 507 9 83 321 627 449 363 681 947 289 443 641 467 529 323 201 187 169 3 361 107 209 483 121 227 649 763 481 547 489 843 441 67 729 723 1 787 369 403 161
683 521 27 249 963 881 347 89 43 841 867 329 923 401 587 969 603 561 507 9 83 321 627 449 363 681 947 289 443 641 467 529 323 201 187 169 3 361 107 209 483
49 563 81 747 889 643 41 267 129 523 601 987 769 203 761 907 809 683 521 27 249 963 881 347 89 43 841 867 329 923 401 587 969 603 561 507 9 83 321 627 449
147 689 243 241 667 929 123 801 387 569 803 961 307 609 283 721 427 49 563 81 747 889 643 41 267 129 523 601 987 769 203 761 907 809 683 521 27 249 963 881 347
441 67 729 723 1 787 369 403 161 707 409 883 921 827 849 163 281 147 689 243 241 667 929 123 801 387 569 803 961 307 609 283 721 427 49 563 81 747 889 643 41
323 201 187 169 3 361 107 209 483 121 227 649 763 481 547 489 843 441 67 729 723 1 787 369 403 161 707 409 883 921 827 849 163 281 147 689 243 241 667 929 123
969 603 561 507 9 83 321 627 449 363 681 947 289 443 641 467 529 323 201 187 169 3 361 107 209 483 121 227 649 763 481 547 489 843 441 67 729 723 1 787 369
907 809 683 521 27 249 963 881 347 89 43 841 867 329 923 401 587 969 603 561 507 9 83 321 627 449 363 681 947 289 443 641 467 529 323 201 187 169 3 361 107
721 427 49 563 81 747 889 643 41 267 129 523 601 987 769 203 761 907 809 683 521 27 249 963 881 347 89 43 841 867 329 923 401 587 969 603 561 507 9 83 321
163 281 147 689 243 241 667 929 123 801 387 569 803 961 307 609 283 721 427 49 563 81 747 889 643 41 267 129 523 601 987 769 203 761 907 809 683 521 27 249 963
489 843 441 67 729 723 1 787 369 403 161 707 409 883 921 827 849 163 281 147 689 243 241 667 929 123 801 387 569 803 961 307 609 283 721 427 49 563 81 747 889
467 529 323 201 187 169 3 361 107 209 483 121 227 649 763 481 547 489 843 441 67 729 723 1 787 369 403 161 707 409 883 921 827 849 163 281 147 689 243 241 667
401 587 969 603 561 507 9 83 321 627 449 363 681 947 289 443 641 467 529 323 201 187 169 3 361 107 209 483 121 227 649 763 481 547 489 843 441 67 729 723 1
203 761 907 809 683 521 27 249 963 881 347 89 43 841 867 329 923 401 587 969 603 561 507 9 83 321 627 449 363 681 947 289 443 641 467 529 323 201 187 169 3
609 283 721 427 49 563 81 747 889 643 41 267 129 523 601 987 769 203 761 907 809 683 521 27 249 963 881 347 89 43 841 867 329 923 401 587 969 603 561 507 9
827 849 163 281 147 689 243 241 667 929 123 801 387 569 803 961 307 609 283 721 427 49 563 81 747 889 643 41 267 129 523 601 987 769 203 761 907 809 683 521 27
481 547 489 843 441 67 729 723 1 787 369 403 161 707 409 883 921 827 849 163 281 147 689 243 241 667 929 123 801 387 569 803 961 307 609 283 721 427 49 563 81
443 641 467 529 323 201 187 169 3 361 107 209 483 121 227 649 763 481 547 489 843 441 67 729 723 1 787 369 403 161 707 409 883 921 827 849 163 281 147 689 243
329 923 401 587 969 603 561 507 9 83 321 627 449 363 681 947 289 443 641 467 529 323 201 187 169 3 361 107 209 483 121 227 649 763 481 547 489 843 441 67 729
987 769 203 761 907 809 683 521 27 249 963 881 347 89 43 841 867 329 923 401 587 969 603 561 507 9 83 321 627 449 363 681 947 289 443 641 467 529 323 201 187
961 307 609 283 721 427 49 563 81 747 889 643 41 267 129 523 601 987 769 203 761 907 809 683 521 27 249 963 881 347 89 43 841 867 329 923 401 587 969 603 561
883 921 827 849 163 281 147 689 243 241 667 929 123 801 387 569 803 961 307 609 283 721 427 49 563 81 747 889 643 41 267 129 523 601 987 769 203 761 907 809 683
649 763 481 547 489 843 441 67 729 723 1 787 369 403 161 707 409 883 921 827 849 163 281 147 689 243 241 667 929 123 801 387 569 803 961 307 609 283 721 427 49
947 289 443 641 467 529 323 201 187 169 3 361 107 209 483 121 227 649 763 481 547 489 843 441 67 729 723 1 787 369 403 161 707 409 883 921 827 849 163 281 147
841 867 329 923 401 587 969 603 561 507 9 83 321 627 449 363 681 947 289 443 641 467 529 323 201 187 169 3 361 107 209 483 121 227 649 763 481 547 489 843 441
523 601 987 769 203 761 907 809 683 521 27 249 963 881 347 89 43 841 867 329 923 401 587 969 603 561 507 9 83 321 627 449 363 681 947 289 443 641 467 529 323
569 803 961 307 609 283 721 427 49 563 81 747 889 643 41 267 129 523 601 987 769 203 761 907 809 683 521 27 249 963 881 347 89 43 841 867 329 923 401 587 969
707 409 883 921 827 849 163 281 147 689 243 241 667 929 123 801 387 569 803 961 307 609 283 721 427 49 563 81 747 889 643 41 267 129 523 601 987 769 203 761 907
121 227 649 763 481 547 489 843 441 67 729 723 1 787 369 403 161 707 409 883 921 827 849 163 281 147 689 243 241 667 929 123 801 387 569 803 961 307 609 283 721
363 681 947 289 443 641 467 529 323 201 187 169 3 361 107 209 483 121 227 649 763 481 547 489 843 441 67 729 723 1 787 369 403 161 707 409 883 921 827 849 163
89 43 841 867 329 923 401 587 969 603 561 507 9 83 321 627 449 363 681 947 289 443 641 467 529 323 201 187 169 3 361 107 209 483 121 227 649 763 481 547 489
267 129 523 601 987 769 203 761 907 809 683 521 27 249 963 881 347 89 43 841 867 329 923 401 587 969 603 561 507 9 83 321 627 449 363 681 947 289 443 641 467
801 387 569 803 961 307 609 283 721 427 49 563 81 747 889 643 41 267 129 523 601 987 769 203 761 907 809 683 521 27 249 963 881 347 89 43 841 867 329 923 401
403 161 707 409 883 921 827 849 163 281 147 689 243 241 667 929 123 801 387 569 803 961 307 609 283 721 427 49 563 81 747 889 643 41 267 129 523 601 987 769 203
209 483 121 227 649 763 481 547 489 843 441 67 729 723 1 787 369 403 161 707 409 883 921 827 849 163 281 147 689 243 241 667 929 123 801 387 569 803 961 307 609
627 449 363 681 947 289 443 641 467 529 323 201 187 169 3 361 107 209 483 121 227 649 763 481 547 489 843 441 67 729 723 1 787 369 403 161 707 409 883 921 827
881 347 89 43 841 867 329 923 401 587 969 603 561 507 9 83 321 627 449 363 681 947 289 443 641 467 529 323 201 187 169 3 361 107 209 483 121 227 649 763 481
643 41 267 129 523 601 987 769 203 761 907 809 683 521 27 249 963 881 347 89 43 841 867 329 923 401 587 969 603 561 507 9 83 321 627 449 363 681 947 289 443
929 123 801 387 569 803 961 307 609 283 721 427 49 563 81 747 889 643 41 267 129 523 601 987 769 203 761 907 809 683 521 27 249 963 881 347 89 43 841 867 329
787 369 403 161 707 409 883 921 827 849 163 281 147 689 243 241 667 929 123 801 387 569 803 961 307 609 283 721 427 49 563 81 747 889 643 41 267 129 523 601 987
