20 29
11 77 539 773 411 877 139 973 811 677 739 173 211 477 339 373 611 277 939 573 11 77 539 773 411 877 139 973 811
477 339 373 611 277 939 573 11 77 539 773 411 877 139 973 811 677 739 173 211 477 339 373 611 277 939 573 11 677
211 573 11 77 539 773 411 877 139 973 811 677 739 173 211 477 339 373 611 277 939 573 11 77 539 773 411 77 739
173 939 277 939 573 11 77 539 773 411 877 139 973 811 677 739 173 211 477 339 373 611 277 939 573 11 877 539 173
739 277 611 973 811 677 739 173 211 477 339 373 611 277 939 573 11 77 539 773 411 877 139 973 811 77 139 773 211
677 611 373 139 677 739 173 211 477 339 373 611 277 939 573 11 77 539 773 411 877 139 973 811 677 539 973 411 477
811 373 339 877 811 773 411 877 139 973 811 677 739 173 211 477 339 373 611 277 939 573 11 677 739 773 811 877 339
973 339 477 411 973 539 677 739 173 211 477 339 373 611 277 939 573 11 77 539 773 411 77 739 173 411 677 139 373
139 477 211 773 139 77 811 973 811 677 739 173 211 477 339 373 611 277 939 573 11 877 539 173 211 877 739 973 611
877 211 173 539 877 11 973 139 277 939 573 11 77 539 773 411 877 139 973 811 77 139 773 211 477 139 173 811 277
411 173 739 77 411 573 139 877 611 573 939 277 611 373 339 477 211 173 739 677 539 973 411 477 339 973 211 677 939
773 739 677 11 773 939 877 411 373 339 477 211 173 739 677 811 973 139 877 411 773 811 877 339 373 811 477 739 573
539 677 811 573 539 277 411 773 539 77 11 573 939 277 611 373 339 477 211 173 739 677 139 373 611 677 339 173 11
77 811 973 939 77 611 773 539 77 11 573 939 277 611 373 339 477 211 173 739 677 811 973 611 277 739 373 211 77
11 973 139 277 11 373 339 477 211 173 739 677 811 973 139 877 411 773 539 77 11 573 939 277 939 173 611 477 539
573 139 877 611 573 939 277 611 373 339 477 211 173 739 677 811 973 139 877 411 773 539 77 11 573 211 277 339 773
939 877 411 373 339 477 211 173 739 677 811 973 139 877 411 773 539 77 11 573 939 277 611 373 339 477 939 373 411
277 411 773 539 77 11 573 939 277 611 373 339 477 211 173 739 677 811 973 139 877 411 773 539 77 11 573 611 877
611 773 539 77 11 573 939 277 611 373 339 477 211 173 739 677 811 973 139 877 411 773 539 77 11 573 939 277 139
373 339 477 211 173 739 677 811 973 139 877 411 773 539 77 11 573 939 277 611 373 339 477 211 173 739 677 811 973
