37 36
5 227 449 671 893 115 337 559 781 3 225 447 669 891 113 335 557 779 1 223 445 667 889 111 333 555 777 999 221 443 665 887 109 331 553 775
11 233 455 677 899 121 343 565 787 9 231 453 675 897 119 341 563 785 7 229 451 673 895 117 339 561 783 5 227 449 671 893 115 337 559 781
17 239 461 683 905 127 349 571 793 15 237 459 681 903 125 347 569 791 13 235 457 679 901 123 345 567 789 11 233 455 677 899 121 343 565 787
23 245 467 689 911 133 355 577 799 21 243 465 687 909 131 353 575 797 19 241 463 685 907 129 351 573 795 17 239 461 683 905 127 349 571 793
29 251 473 695 917 139 361 583 805 27 249 471 693 915 137 359 581 803 25 247 469 691 913 135 357 579 801 23 245 467 689 911 133 355 577 799
35 257 479 701 923 145 367 589 811 33 255 477 699 921 143 365 587 809 31 253 475 697 919 141 363 585 807 29 251 473 695 917 139 361 583 805
41 263 485 707 929 151 373 595 817 39 261 483 705 927 149 371 593 815 37 259 481 703 925 147 369 591 813 35 257 479 701 923 145 367 589 811
47 269 491 713 935 157 379 601 823 45 267 489 711 933 155 377 599 821 43 265 487 709 931 153 375 597 819 41 263 485 707 929 151 373 595 817
53 275 497 719 941 163 385 607 829 51 273 495 717 939 161 383 605 827 49 271 493 715 937 159 381 603 825 47 269 491 713 935 157 379 601 823
59 281 503 725 947 169 391 613 835 57 279 501 723 945 167 389 611 833 55 277 499 721 943 165 387 609 831 53 275 497 719 941 163 385 607 829
65 287 509 731 953 175 397 619 841 63 285 507 729 951 173 395 617 839 61 283 505 727 949 171 393 615 837 59 281 503 725 947 169 391 613 835
71 293 515 737 959 181 403 625 847 69 291 513 735 957 179 401 623 845 67 289 511 733 955 177 399 621 843 65 287 509 731 953 175 397 619 841
77 299 521 743 965 187 409 631 853 75 297 519 741 963 185 407 629 851 73 295 517 739 961 183 405 627 849 71 293 515 737 959 181 403 625 847
83 305 527 749 971 193 415 637 859 81 303 525 747 969 191 413 635 857 79 301 523 745 967 189 411 633 855 77 299 521 743 965 187 409 631 853
89 311 533 755 977 199 421 643 865 87 309 531 753 975 197 419 641 863 85 307 529 751 973 195 417 639 861 83 305 527 749 971 193 415 637 859
95 317 539 761 983 205 427 649 871 93 315 537 759 981 203 425 647 869 91 313 535 757 979 201 423 645 867 89 311 533 755 977 199 421 643 865
101 323 545 767 989 211 433 655 877 99 321 543 765 987 209 431 653 875 97 319 541 763 985 207 429 651 873 95 317 539 761 983 205 427 649 871
107 329 551 773 995 217 439 661 883 105 327 549 771 993 215 437 659 881 103 325 547 769 991 213 435 657 879 101 323 545 767 989 211 433 655 877
113 335 557 779 1 223 445 667 889 111 333 555 777 999 221 443 665 887 109 331 553 775 997 219 441 663 885 107 329 551 773 995 217 439 661 883
119 341 563 785 7 229 451 673 895 117 339 561 783 5 227 449 671 893 115 337 559 781 3 225 447 669 891 113 335 557 779 1 223 445 667 889
125 347 569 791 13 235 457 679 901 123 345 567 789 11 233 455 677 899 121 343 565 787 9 231 453 675 897 119 341 563 785 7 229 451 673 895
131 353 575 797 19 241 463 685 907 129 351 573 795 17 239 461 683 905 127 349 571 793 15 237 459 681 903 125 347 569 791 13 235 457 679 901
137 359 581 803 25 247 469 691 913 135 357 579 801 23 245 467 689 911 133 355 577 799 21 243 465 687 909 131 353 575 797 19 241 463 685 907
143 365 587 809 31 253 475 697 919 141 363 585 807 29 251 473 695 917 139 361 583 805 27 249 471 693 915 137 359 581 803 25 247 469 691 913
149 371 593 815 37 259 481 703 925 147 369 591 813 35 257 479 701 923 145 367 589 811 33 255 477 699 921 143 365 587 809 31 253 475 697 919
155 377 599 821 43 265 487 709 931 153 375 597 819 41 263 485 707 929 151 373 595 817 39 261 483 705 927 149 371 593 815 37 259 481 703 925
161 383 605 827 49 271 493 715 937 159 381 603 825 47 269 491 713 935 157 379 601 823 45 267 489 711 933 155 377 599 821 43 265 487 709 931
167 389 611 833 55 277 499 721 943 165 387 609 831 53 275 497 719 941 163 385 607 829 51 273 495 717 939 161 383 605 827 49 271 493 715 937
173 395 617 839 61 283 505 727 949 171 393 615 837 59 281 503 725 947 169 391 613 835 57 279 501 723 945 167 389 611 833 55 277 499 721 943
179 401 623 845 67 289 511 733 955 177 399 621 843 65 287 509 731 953 175 397 619 841 63 285 507 729 951 173 395 617 839 61 283 505 727 949
185 407 629 851 73 295 517 739 961 183 405 627 849 71 293 515 737 959 181 403 625 847 69 291 513 735 957 179 401 623 845 67 289 511 733 955
191 413 635 857 79 301 523 745 967 189 411 633 855 77 299 521 743 965 187 409 631 853 75 297 519 741 963 185 407 629 851 73 295 517 739 961
197 419 641 863 85 307 529 751 973 195 417 639 861 83 305 527 749 971 193 415 637 859 81 303 525 747 969 191 413 635 857 79 301 523 745 967
203 425 647 869 91 313 535 757 979 201 423 645 867 89 311 533 755 977 199 421 643 865 87 309 531 753 975 197 419 641 863 85 307 529 751 973
209 431 653 875 97 319 541 763 985 207 429 651 873 95 317 539 761 983 205 427 649 871 93 315 537 759 981 203 425 647 869 91 313 535 757 979
215 437 659 881 103 325 547 769 991 213 435 657 879 101 323 545 767 989 211 433 655 877 99 321 543 765 987 209 431 653 875 97 319 541 763 985
221 443 665 887 109 331 553 775 997 219 441 663 885 107 329 551 773 995 217 439 661 883 105 327 549 771 993 215 437 659 881 103 325 547 769 991
