32 31
570 52 118 558 390 755 646 319 473 581 380 465 83 342 114 366 552 221 412 249 426 642 564 534 748 680 244 650 318 721 572
386 271 188 178 619 177 58 172 149 138 51 572 179 351 184 503 137 363 149 608 747 749 407 55 271 585 521 420 401 476 226
745 705 637 421 558 48 701 229 155 73 238 225 210 87 367 211 446 229 319 289 474 566 194 488 336 277 507 714 636 218 438
155 157 309 534 214 316 733 665 693 765 401 417 473 446 742 643 126 469 460 637 442 524 65 428 94 300 169 42 434 345 439
547 725 706 579 437 520 547 336 712 86 235 363 517 179 603 658 263 571 352 399 247 111 686 633 163 221 760 164 153 604 101
199 103 305 736 498 324 57 332 534 101 525 395 117 662 496 733 423 301 320 320 46 389 241 637 50 684 172 436 71 274 495
228 335 299 199 331 121 478 621 613 538 644 242 613 540 696 580 461 496 398 740 500 285 215 636 294 133 306 228 426 538 222
613 371 479 310 660 558 746 515 669 58 393 145 629 431 339 708 390 69 340 628 68 584 77 202 376 432 466 562 93 502 742
204 107 719 472 725 511 716 738 414 733 629 57 136 558 619 78 182 186 641 45 212 723 344 636 333 275 600 393 590 336 634
752 665 587 722 164 597 672 400 509 179 263 525 274 55 378 574 460 522 449 463 233 406 305 103 237 538 202 129 362 760 721
612 660 542 568 322 373 739 681 117 416 442 140 648 456 740 457 150 760 404 111 227 309 374 553 504 411 253 131 731 247 86
118 405 127 184 226 722 157 141 337 532 81 435 678 495 673 633 143 668 272 476 393 79 349 444 81 718 655 171 223 137 215
299 764 564 442 224 521 97 587 92 127 627 750 304 620 657 171 722 559 665 696 451 702 279 129 742 231 283 147 677 378 584
210 376 383 150 99 402 470 644 452 95 505 436 357 360 592 751 580 649 650 510 334 127 288 686 367 477 203 736 388 79 554
97 677 435 469 734 335 173 613 746 491 352 680 82 210 46 67 748 654 216 757 486 565 279 406 166 254 567 136 141 604 188
196 516 122 163 748 415 559 595 659 284 182 574 324 614 578 614 597 730 328 588 451 127 101 91 251 313 157 609 676 259 755
106 273 375 492 256 749 285 85 642 527 489 714 85 338 527 197 433 755 483 255 440 108 578 754 581 389 145 424 300 626 678
628 134 287 354 612 270 597 655 411 358 643 359 666 479 384 361 146 374 79 623 48 145 699 300 685 322 667 607 120 528 519
707 160 305 559 730 73 655 159 442 511 760 760 675 473 642 271 117 250 572 698 521 675 631 319 134 452 221 240 530 707 257
735 101 520 69 329 552 682 446 228 427 441 486 337 412 627 566 752 111 372 684 130 545 90 408 178 764 587 640 528 68 131
762 391 610 65 678 396 705 358 122 630 297 107 201 208 692 265 194 301 135 112 654 179 424 560 579 422 645 453 449 671 542
445 560 386 732 472 280 211 328 625 75 584 230 235 290 420 722 442 219 356 52 107 493 435 165 306 355 44 717 762 673 757
705 467 378 211 437 156 380 264 279 414 346 467 147 594 121 103 270 299 417 280 628 408 213 752 672 67 754 163 327 202 155
267 167 755 700 103 145 315 325 383 687 629 348 68 457 692 393 225 225 309 727 351 215 175 601 386 200 130 507 485 290 160
250 679 149 185 740 517 722 563 398 643 426 704 209 381 630 100 564 353 631 526 203 81 199 762 425 621 126 430 604 638 549
353 552 196 760 66 671 716 128 567 133 512 506 300 392 634 622 454 222 488 478 383 67 635 643 714 754 728 642 133 140 689
444 190 120 438 215 289 388 301 91 479 311 555 277 201 687 397 614 143 383 326 748 408 460 626 620 712 128 497 79 226 684
481 375 762 417 88 550 303 611 599 280 420 652 515 580 573 411 692 215 752 516 461 659 210 321 513 421 671 508 458 396 427
174 269 687 89 315 471 351 424 568 589 78 454 603 156 526 248 82 239 234 557 658 127 265 478 139 644 383 605 337 277 530
733 504 716 56 53 421 629 699 488 453 736 176 290 390 200 760 431 397 228 486 290 314 249 266 675 128 607 514 687 119 543
654 581 493 208 133 148 72 66 134 747 300 533 271 189 691 265 118 587 715 562 111 527 45 335 436 395 440 449 316 57 226
468 137 677 635 492 323 205 56 416 186 315 183 679 726 108 442 78 653 655 598 262 417 141 95 351 495 758 758 309 313 218
