35 35
430 537 573 345 303 303 455 397 460 403 303 474 364 389 587 554 449 405 558 456 442 598 523 478 514 396 525 349 579 478 469 357 415 441 402
418 393 507 464 554 559 468 376 323 557 362 526 354 417 484 511 559 430 433 386 593 478 560 341 456 437 510 513 552 600 565 319 392 471 483
595 429 600 371 452 556 382 327 560 499 511 470 407 590 552 493 582 429 452 572 535 538 481 447 439 429 360 458 470 531 590 465 309 590 485
410 494 567 437 453 466 597 322 522 586 574 414 567 352 515 487 587 452 316 382 591 445 443 397 315 322 387 429 331 325 313 391 519 580 528
372 445 525 343 366 510 567 429 426 318 593 312 554 445 329 335 384 423 427 482 438 399 518 567 430 492 580 470 410 509 398 431 302 322 424
318 481 339 447 556 306 440 518 560 534 496 544 567 318 371 397 406 470 314 321 549 455 301 419 515 459 466 595 461 437 418 479 317 457 576
523 463 364 440 371 547 335 315 513 302 335 310 408 505 574 430 402 429 380 470 343 539 335 337 399 421 405 528 388 562 503 310 374 516 399
445 462 434 460 374 385 495 384 494 348 358 573 400 436 352 519 479 591 555 465 338 324 570 515 412 481 366 422 555 582 521 348 443 303 458
467 389 301 551 532 350 558 504 399 393 556 317 521 495 521 335 482 546 554 397 357 434 412 429 337 394 349 386 486 302 544 352 391 545 303
322 544 510 475 592 553 430 309 422 574 479 457 455 373 411 501 431 494 313 509 532 407 558 567 593 509 510 345 600 403 598 571 597 456 445
588 408 524 546 531 497 374 336 301 447 447 451 527 341 464 435 522 520 342 488 462 551 346 456 500 449 402 470 445 558 565 382 366 437 327
546 584 401 582 585 498 378 435 424 368 549 560 590 417 301 477 579 552 523 383 400 320 485 571 415 392 484 497 407 570 473 301 553 524 583
486 370 309 571 494 377 519 402 315 585 403 441 513 304 312 596 404 333 430 323 397 522 456 594 578 426 415 579 378 588 510 514 357 520 484
501 597 402 302 562 335 355 402 548 308 415 544 361 448 322 385 545 544 490 487 470 565 551 448 593 488 357 506 494 577 389 394 523 440 397
484 475 452 535 423 460 349 315 521 446 337 555 339 530 394 526 399 358 426 547 350 563 553 556 456 479 594 551 401 433 347 534 308 448 468
380 557 518 395 426 312 381 330 352 310 424 527 358 431 352 304 482 564 506 386 420 384 380 370 485 513 366 367 470 463 485 550 419 351 594
545 363 374 575 415 333 347 342 391 479 343 344 309 307 551 395 427 334 424 446 469 337 512 485 456 323 369 355 442 420 598 335 484 372 560
548 405 306 539 446 434 583 490 443 539 440 488 314 424 311 460 542 598 320 426 454 343 445 458 434 565 455 469 397 476 377 345 531 384 584
376 467 515 566 560 453 355 447 416 428 458 576 369 405 545 444 559 537 589 365 370 503 520 489 549 345 566 594 576 599 527 351 466 390 566
425 493 570 572 308 397 378 534 466 483 478 560 390 364 548 404 434 399 324 322 348 318 538 591 594 536 517 594 401 557 508 475 449 478 395
457 575 474 339 390 305 467 349 345 531 546 449 364 595 422 336 342 440 574 332 382 509 499 375 560 455 533 383 553 410 479 358 333 301 398
423 556 565 421 300 495 367 450 508 361 572 544 352 361 466 384 443 324 532 468 584 335 400 315 588 459 494 346 492 495 393 565 451 357 385
400 501 401 550 408 462 471 301 463 532 467 497 323 440 428 491 372 413 540 388 349 398 582 344 540 426 437 504 526 494 589 325 394 390 576
452 501 395 453 364 326 569 561 349 409 337 490 430 399 429 518 449 477 449 493 416 575 330 569 449 473 557 474 568 596 398 368 497 493 521
510 468 438 419 467 496 456 356 326 505 434 493 353 560 341 546 324 565 525 593 413 398 499 588 314 494 334 382 390 528 552 549 395 389 367
511 586 473 567 561 377 350 453 430 559 495 324 584 408 550 525 522 597 423 458 310 317 492 341 356 368 593 305 413 330 372 323 565 545 540
525 571 590 378 400 497 522 374 480 329 573 405 551 518 528 357 528 494 550 518 551 317 459 556 430 489 327 454 454 522 393 378 492 331 405
542 477 326 565 357 356 537 411 556 454 588 313 330 482 512 497 381 478 355 336 308 493 312 411 346 483 453 374 375 433 428 566 309 455 530
315 460 415 375 364 569 363 326 548 494 538 444 575 365 448 560 322 340 521 382 336 404 535 410 479 316 538 444 575 341 322 591 450 437 314
515 354 377 490 301 520 377 394 443 442 542 351 464 582 573 546 317 376 429 376 555 394 564 347 368 304 369 307 404 455 322 568 509 348 457
510 518 534 303 360 324 494 361 437 424 333 331 391 409 460 467 312 503 379 359 572 333 377 528 437 532 499 404 440 548 561 599 414 444 551
423 417 444 484 555 517 517 586 307 325 395 424 587 547 503 595 518 536 371 395 372 552 594 425 340 490 335 338 303 428 538 427 545 330 310
448 548 528 383 504 502 427 327 438 373 480 432 541 364 504 335 437 404 578 511 394 468 546 381 471 373 319 547 568 349 558 415 546 434 447
450 585 574 426 422 347 555 555 537 319 407 572 405 460 498 315 554 365 511 335 486 584 354 432 500 352 338 315 548 472 462 346 406 385 472
528 381 376 431 317 395 487 538 500 347 435 515 300 501 425 585 386 358 588 467 558 590 506 522 537 377 333 583 432 418 403 360 499 479 440
