25 25
78 890 104 694 18 795 426 463 69 240 258 533 200 223 174 541 693 942 885 586 406 512 116 483 668
955 89 530 870 783 996 299 24 99 344 42 246 769 856 666 8 113 550 207 335 723 99 380 16 336
317 421 847 432 903 514 739 344 43 960 478 390 610 502 840 953 895 437 721 750 102 81 215 3 639
901 725 90 280 741 425 949 513 271 380 768 784 470 111 178 781 588 567 390 441 758 694 335 195 415
437 648 847 3 651 837 903 375 926 183 467 350 131 332 972 862 99 755 684 209 284 816 796 202 206
589 960 899 923 154 665 711 801 863 713 451 700 968 178 977 150 996 679 632 327 650 845 425 405 880
633 40 696 781 242 253 369 201 503 643 354 520 706 506 382 418 309 433 385 838 762 886 833 440 869
512 89 66 936 845 297 921 885 344 53 126 596 773 326 99 415 31 970 120 888 351 890 548 136 626
385 897 864 218 336 84 81 776 501 16 621 798 288 857 141 340 982 89 112 659 539 879 41 508 350
928 210 591 476 345 217 212 593 432 781 280 867 861 56 368 877 28 165 516 884 657 856 865 97 319
523 635 549 915 142 899 842 704 489 669 48 57 881 641 840 661 272 707 522 327 74 750 354 590 265
237 598 472 453 695 143 327 329 691 241 823 941 435 526 430 103 925 838 335 917 678 348 189 384 221
515 809 970 221 398 586 457 347 410 262 41 904 588 370 594 829 192 535 263 69 316 717 993 505 52
910 182 751 98 917 971 612 77 292 832 826 877 641 173 638 902 213 541 841 934 487 669 477 21 283
545 688 1000 538 192 403 447 726 153 896 994 123 507 423 414 691 248 642 683 420 632 936 985 172 128
918 10 797 395 30 431 939 69 782 828 613 536 626 338 688 521 683 162 380 105 927 422 353 921 104
124 904 391 460 427 518 378 437 666 124 818 449 414 887 230 242 499 766 219 188 805 740 870 319 119
975 597 540 679 869 995 154 772 385 966 199 254 343 635 272 818 452 720 583 690 949 176 188 66 395
375 871 134 597 541 252 571 137 143 601 358 137 106 129 873 71 679 478 765 665 749 582 469 468 165
158 417 692 698 482 86 424 704 219 20 596 822 590 85 964 542 442 452 648 570 676 718 601 154 835
265 902 416 85 370 932 243 138 976 292 971 61 715 675 280 735 270 453 676 354 769 570 147 220 217
69 896 286 669 401 120 285 302 888 370 671 171 964 160 146 607 131 559 321 157 190 407 778 642 83
484 410 4 630 982 220 698 229 857 718 629 329 3 930 568 724 953 90 39 464 588 645 594 146 965
750 335 724 528 976 158 11 738 161 992 719 732 690 947 588 407 927 268 761 208 835 836 160 277 874
624 864 518 569 9 835 319 343 558 198 670 67 560 407 227 551 477 958 592 423 897 351 701 165 111
