18 23
144 150 136 142 132 146 143 145 133 134 138 142 138 138 146 145 145 151 152 133 138 139 130
136 135 137 146 150 143 141 133 141 130 140 140 130 150 144 148 142 137 140 138 135 150 135
138 152 136 134 135 143 142 140 145 140 131 142 136 153 136 151 142 144 138 152 137 140 130
148 139 141 133 150 142 135 140 136 136 150 137 137 134 139 147 160 142 141 134 139 142 124
132 134 138 134 144 145 149 152 131 138 134 143 143 150 140 148 130 137 138 142 130 146 153
136 142 139 142 142 150 142 139 144 144 143 153 146 151 150 138 137 151 138 129 141 137 148
147 138 141 148 144 143 133 149 130 143 134 140 132 154 132 141 147 133 141 141 148 136 125
132 146 138 156 153 144 137 134 136 137 137 137 150 138 148 141 135 143 142 137 141 133 140
132 153 125 135 139 131 145 127 146 143 151 139 132 142 132 133 140 138 133 145 133 143 130
135 155 137 152 143 129 139 138 151 140 141 140 147 137 150 145 136 142 141 150 131 134 134
128 140 148 140 143 143 139 137 132 144 144 145 142 137 143 141 145 138 153 138 139 137 129
143 137 133 137 147 143 133 140 141 135 133 137 139 132 137 127 135 141 144 139 146 140 138
139 127 138 128 136 134 141 132 136 137 136 140 139 145 139 141 135 144 144 137 138 141 138
138 133 135 132 142 141 133 137 132 139 145 147 139 136 132 141 141 140 143 139 135 133 144
134 138 138 141 154 144 144 136 141 146 141 146 151 141 140 126 138 143 141 139 141 139 144
154 142 148 140 141 143 147 136 135 129 137 128 148 143 137 141 144 145 131 140 150 139 141
143 139 140 138 133 137 129 138 132 137 141 151 137 144 131 151 143 147 138 136 136 133 141
149 144 140 138 135 156 143 147 133 127 144 140 139 141 150 129 146 142 145 142 141 136 144
