50 50
519 502 489 482 502 518 526 504 501 530 525 529 508 480 494 487 503 475 487 491 519 500 524 503 495 469 503 513 500 534 500 514 481 519 521 507 478 499 500 509 496 497 506 480 479 505 529 503 495 503
509 477 498 488 509 518 513 493 498 496 507 501 491 505 502 472 533 491 479 512 490 478 492 504 499 497 490 511 500 499 489 485 506 498 510 498 501 498 517 497 510 503 496 478 463 517 494 509 525 504
485 529 493 487 493 476 517 512 498 503 493 478 533 492 487 485 496 511 480 509 459 482 510 510 502 507 490 496 519 491 497 532 521 500 473 500 518 535 497 467 482 494 502 496 504 500 514 505 500 488
529 504 510 505 503 514 493 506 522 503 529 528 532 505 491 468 503 483 519 528 479 506 506 507 509 500 526 487 502 493 487 501 498 499 493 495 510 481 497 521 512 518 471 477 477 488 515 519 481 508
521 492 502 505 506 491 492 499 470 524 469 499 519 508 505 499 482 482 503 495 479 505 514 536 482 503 501 484 497 510 496 503 499 493 511 507 492 508 535 512 492 480 493 499 470 510 491 489 502 489
489 486 503 503 498 498 507 515 504 498 512 528 524 493 499 505 519 500 516 487 505 527 479 521 469 485 509 483 498 513 498 484 488 486 500 506 499 506 521 502 489 498 510 463 498 516 496 490 494 496
525 489 502 500 511 517 487 510 496 522 487 494 489 493 492 521 475 497 513 482 505 492 489 518 491 492 505 475 501 515 496 495 488 514 498 489 489 491 479 496 502 501 483 472 512 476 514 478 492 523
538 493 487 521 499 525 508 455 509 473 495 505 483 526 502 524 507 509 513 503 512 499 474 489 482 511 529 510 508 514 482 508 524 527 497 511 510 491 501 487 523 524 515 496 503 502 489 496 504 502
499 503 515 507 493 478 507 505 497 478 491 497 501 504 529 508 497 515 517 488 490 496 473 511 492 516 526 520 484 513 503 519 495 495 487 493 516 504 507 507 497 514 511 510 501 507 499 513 493 511
504 484 499 507 517 521 489 482 532 504 501 518 497 488 528 489 517 487 479 501 479 531 528 497 499 501 476 508 490 512 511 500 494 500 508 503 486 531 500 508 505 489 483 503 510 525 477 508 503 509
463 496 503 499 512 487 512 508 469 473 506 494 484 537 505 496 521 496 488 470 520 490 494 492 521 487 544 519 487 504 487 492 513 506 498 464 491 516 487 499 492 496 522 497 512 487 490 515 515 509
485 473 506 481 487 535 491 505 504 509 498 505 529 474 496 506 484 492 493 498 496 496 498 499 512 501 531 488 495 516 496 501 492 504 496 472 448 496 485 493 525 498 486 526 519 491 501 484 495 527
479 507 510 516 505 531 514 510 501 484 491 507 520 484 498 529 479 485 510 489 492 487 491 528 509 515 479 511 519 483 505 516 492 507 535 506 484 489 494 460 520 516 500 526 496 498 506 521 482 494
526 480 494 515 473 522 515 497 477 501 493 502 466 509 484 468 494 515 448 496 460 501 508 489 516 522 487 508 486 496 499 506 487 514 516 504 493 516 509 505 495 505 512 517 511 511 507 488 515 487
499 497 514 487 488 500 517 521 509 488 531 522 505 509 497 520 500 513 504 505 502 509 521 523 497 492 485 477 491 516 520 485 492 506 476 502 515 499 533 509 505 498 509 511 498 500 507 488 504 527
525 501 514 524 508 488 517 518 504 506 510 501 495 511 484 529 496 483 507 509 494 496 470 516 502 509 519 499 508 487 520 476 519 495 542 507 511 506 509 494 502 485 505 496 484 528 541 515 501 504
497 490 491 511 492 484 524 494 513 507 510 520 470 478 476 501 503 475 485 508 508 507 498 518 538 507 513 491 508 498 468 512 496 494 499 482 510 495 487 501 490 494 458 504 492 524 522 528 494 511
517 522 483 523 525 491 509 506 471 529 500 500 495 495 513 494 487 505 509 495 522 523 496 480 489 489 514 522 498 514 500 503 489 532 492 496 514 498 479 473 502 511 471 480 479 516 511 522 506 504
487 513 473 483 484 482 516 503 520 481 499 493 547 493 485 505 497 516 513 514 502 504 468 495 495 512 519 498 494 502 505 481 488 495 490 508 496 496 484 471 499 509 504 538 502 491 489 497 488 501
498 499 494 489 496 499 483 499 494 503 494 515 524 516 512 487 508 486 524 505 513 512 503 497 498 497 492 494 485 512 486 504 515 486 471 496 491 504 508 489 505 480 508 483 495 478 482 506 501 511
496 493 515 476 520 516 520 496 498 536 488 531 508 481 510 530 495 488 491 490 487 481 510 477 486 502 493 489 499 481 492 523 515 496 505 506 517 493 478 487 467 486 510 496 492 505 507 483 502 481
491 504 516 517 524 498 494 506 503 497 485 501 490 509 498 471 502 505 502 485 496 483 523 501 492 501 496 489 507 498 519 480 493 497 471 481 469 523 499 523 508 464 498 464 522 512 482 478 486 494
524 496 488 484 500 507 510 501 500 485 499 489 529 479 534 516 487 521 478 495 493 466 520 507 522 508 509 508 484 497 501 499 518 509 493 506 487 490 498 511 498 489 508 499 492 493 483 517 503 473
468 488 505 485 507 480 545 491 507 496 502 500 512 515 515 508 495 475 506 513 464 485 488 507 493 503 503 510 497 517 500 489 503 507 496 532 479 519 497 496 499 503 523 516 503 497 505 490 499 475
487 499 537 490 482 503 500 496 495 500 456 496 493 494 532 499 483 501 510 515 505 489 492 490 485 490 510 511 500 496 497 511 513 490 503 485 494 506 469 486 485 529 478 463 484 495 493 529 517 499
485 515 502 524 478 482 513 489 518 509 490 498 525 497 511 511 524 511 468 461 535 494 493 474 478 522 497 495 494 511 492 508 484 517 509 496 483 505 507 493 503 487 485 527 485 492 494 520 504 500
514 512 487 503 489 491 492 499 487 481 510 507 479 492 502 488 504 462 499 482 502 508 499 519 494 502 502 517 504 498 483 505 500 488 516 503 523 494 494 483 502 516 493 523 501 481 527 505 517 513
497 498 511 506 495 522 491 507 504 481 475 503 497 482 495 481 504 502 503 521 519 492 488 496 481 488 493 504 495 518 516 482 510 506 509 523 493 491 493 496 483 485 493 520 502 502 479 508 491 507
497 513 485 480 495 471 514 499 513 503 485 520 477 497 486 532 492 541 481 479 490 501 479 499 497 478 500 499 510 496 477 520 503 497 525 489 483 495 497 524 486 522 495 500 504 512 495 508 523 512
507 533 503 489 496 536 486 499 484 494 497 481 472 502 487 501 506 502 451 512 502 507 489 498 471 507 475 487 503 520 491 508 507 468 500 500 484 505 497 486 478 491 473 487 508 490 495 486 501 495
497 471 493 524 497 514 510 504 516 536 495 475 504 524 499 508 501 499 491 507 479 496 497 504 525 487 515 494 483 497 508 501 530 522 501 491 459 497 480 492 519 493 486 520 491 515 525 499 505 491
505 524 471 513 508 490 498 503 503 518 492 495 494 498 502 504 514 522 501 481 518 487 457 476 483 524 498 505 487 486 501 532 517 501 502 545 518 518 487 523 525 548 513 503 523 509 508 490 507 529
517 521 495 512 494 499 524 524 520 499 519 520 499 527 506 472 492 479 523 519 492 520 487 487 491 497 488 480 499 520 468 505 502 478 468 482 519 499 524 497 490 496 508 518 497 485 492 468 509 519
500 522 526 527 498 513 490 500 517 510 506 506 494 510 487 477 515 518 482 520 494 502 517 494 496 517 490 495 510 481 504 485 521 497 501 511 502 503 512 466 497 495 496 524 492 508 489 521 506 506
491 488 512 490 521 510 526 517 480 510 495 528 510 479 501 475 521 534 490 491 507 519 477 501 471 505 509 513 491 503 487 499 491 501 501 500 480 499 503 476 486 489 490 507 491 516 484 522 517 494
520 511 504 499 492 502 516 497 517 497 487 489 498 494 524 496 466 495 508 536 483 499 489 516 486 499 495 491 506 480 489 496 508 508 527 499 507 486 518 518 482 522 528 504 513 477 498 508 484 527
493 475 483 463 505 490 502 478 484 494 513 516 502 491 509 496 508 486 514 520 501 530 501 465 500 506 483 477 488 499 509 495 516 534 499 511 467 522 517 549 511 519 500 513 513 481 497 527 508 464
497 507 478 487 510 489 492 471 508 509 480 521 498 505 495 492 498 520 490 505 505 487 505 510 499 521 486 483 499 490 511 477 484 497 501 478 520 512 488 510 476 508 479 499 490 469 503 506 488 476
512 509 505 519 483 496 510 503 494 523 487 516 510 514 519 484 518 507 469 476 496 509 455 520 488 492 503 503 479 507 473 469 482 500 513 524 497 491 495 498 512 528 499 514 497 502 496 505 482 528
496 493 494 505 506 470 496 495 483 478 497 530 524 507 522 507 519 475 513 529 499 490 512 516 510 519 514 495 495 514 497 509 518 498 494 490 503 500 487 491 516 491 522 474 534 490 537 481 513 499
522 508 491 494 498 505 474 494 521 492 507 517 515 520 510 484 473 496 509 493 510 492 483 485 487 503 486 492 533 500 476 491 515 513 523 465 501 514 506 513 513 510 470 493 510 497 488 521 496 474
477 516 496 540 494 522 471 518 507 516 513 500 513 501 529 496 470 500 527 493 505 484 489 492 496 495 530 524 509 499 493 538 490 522 474 483 493 480 529 505 487 494 479 524 516 512 497 512 496 504
481 505 511 523 505 500 503 493 512 525 471 479 503 491 520 469 496 536 477 505 503 490 496 476 492 493 491 473 501 505 493 517 481 517 522 491 501 506 508 498 489 518 547 498 507 493 515 501 523 542
487 502 508 492 510 466 493 528 488 490 483 498 515 516 510 529 476 491 474 478 479 504 499 519 492 492 470 486 510 498 505 493 506 484 500 520 517 506 480 525 483 510 508 504 494 480 504 514 470 504
503 483 489 500 485 504 494 501 509 506 504 493 501 525 495 477 499 504 517 495 501 490 498 504 489 503 499 490 479 494 521 515 484 501 502 508 503 539 501 495 516 491 498 509 500 512 506 497 481 512
496 501 481 499 509 477 520 517 488 529 513 493 521 496 483 500 493 520 478 468 504 520 474 497 497 495 517 500 505 464 499 497 504 466 480 504 465 513 514 497 513 482 517 494 490 499 512 512 515 490
506 478 492 504 491 497 489 506 501 495 488 471 507 505 451 506 488 502 493 479 514 526 482 484 528 495 524 514 497 493 498 531 502 501 483 482 494 510 517 483 493 486 505 492 499 482 511 503 477 525
500 496 521 498 519 484 509 525 511 491 473 508 454 514 490 511 505 504 504 511 499 502 530 517 500 501 528 489 518 481 511 504 494 506 475 478 499 483 514 503 488 511 478 490 556 504 499 506 499 503
495 494 491 514 491 473 509 473 500 498 508 463 510 523 512 476 502 490 511 517 472 496 523 519 492 501 485 507 465 504 487 487 520 503 482 507 493 505 500 497 498 508 485 485 529 519 552 505 473 515
472 517 501 507 476 528 491 512 486 470 498 479 492 519 474 515 466 492 483 501 478 497 513 517 534 498 501 493 507 482 524 499 483 511 490 509 469 479 482 521 493 504 477 480 471 484 518 494 461 503
